0 9.65260 9.65260 9.36040 9.26660 9.25230 9.60710 9.35910 9.26510 9.25070 9.25570 bd_17d4708_stisnic_005.fits 99.0000 0.00000calspec_new/cdbs/current_calspec/bd_17d4708_stisnic_005.fits
1 9.37360 9.37360 8.88790 8.70040 8.60590 9.29930 8.88460 8.69640 8.61440 8.57420 h_stis_ngsl_bd+112998_v2.fits -0.600000 0.335000stis_ngsl_v2/h_stis_ngsl_bd+112998_v2.fits
2 10.8024 10.8024 6.53550 5.13410 4.27010 10.0504 6.41820 5.11530 4.32970 4.21540 h_stis_ngsl_bd+363168_v2.fits 9.90000 0.0500000stis_ngsl_v2/h_stis_ngsl_bd+363168_v2.fits
3 9.70100 9.70100 9.24480 9.09370 9.01830 9.62560 9.24370 9.09000 9.02540 8.98940 h_stis_ngsl_bd+381670_v2.fits 9.90000 0.460000stis_ngsl_v2/h_stis_ngsl_bd+381670_v2.fits
4 9.25670 9.25670 8.62280 8.41580 8.31960 9.15610 8.62010 8.41130 8.33120 8.27900 h_stis_ngsl_bd+413306_v2.fits -0.300000 0.345000stis_ngsl_v2/h_stis_ngsl_bd+413306_v2.fits
5 9.22350 9.22350 9.76030 10.1574 10.5061 9.28220 9.76330 10.1673 10.4588 10.6844 h_stis_ngsl_bd+75d325_v2.fits 99.0000 0.00000stis_ngsl_v2/h_stis_ngsl_bd+75d325_v2.fits
6 0.00000 0.00000 0.00000 0.00000 0.00000 0.00000 0.00000 0.00000 0.00000 0.00000 0.00000 0.620000stis_ngsl_v2/h_stis_ngsl_bd-122669_v2.fits
7 0.00000 0.00000 0.00000 0.00000 0.00000 0.00000 0.00000 0.00000 0.00000 0.00000  0.00000 0.935000stis_ngsl_v2/h_stis_ngsl_bd092860_v2.fits
8 0.00000 0.00000 0.00000 0.00000 0.00000 0.00000 0.00000 0.00000 0.00000 0.00000  0.00000 0.835000stis_ngsl_v2/h_stis_ngsl_bd174708_v2.fits
9 0.00000 0.00000 0.00000 0.00000 0.00000 0.00000 0.00000 0.00000 0.00000 0.00000  0.00000 0.870000stis_ngsl_v2/h_stis_ngsl_bd292091_v2.fits
10 0.00000 0.00000 0.00000 0.00000 0.00000 0.00000 0.00000 0.00000 0.00000 0.00000  0.00000 0.930000stis_ngsl_v2/h_stis_ngsl_bd371458_v2.fits
11 0.00000 0.00000 0.00000 0.00000 0.00000 0.00000 0.00000 0.00000 0.00000 0.00000  0.00000 0.775000stis_ngsl_v2/h_stis_ngsl_bd413931_v2.fits
12 0.00000 0.00000 0.00000 0.00000 0.00000 0.00000 0.00000 0.00000 0.00000 0.00000  0.00000 0.940000stis_ngsl_v2/h_stis_ngsl_bd423607_v2.fits
13 9.62490 9.62490 8.13980 7.31870 6.85770 9.39420 8.14480 7.29510 6.90100 6.71820 h_stis_ngsl_bd442051_v2.fits -0.300000 0.115000stis_ngsl_v2/h_stis_ngsl_bd442051_v2.fits
14 0.00000 0.00000 0.00000 0.00000 0.00000 0.00000 0.00000 0.00000 0.00000 0.00000  0.00000 0.845000stis_ngsl_v2/h_stis_ngsl_bd511696_v2.fits
15 0.00000 0.00000 0.00000 0.00000 0.00000 0.00000 0.00000 0.00000 0.00000 0.00000  0.00000 0.695000stis_ngsl_v2/h_stis_ngsl_bd592723_v2.fits
16 0.00000 0.00000 0.00000 0.00000 0.00000 0.00000 0.00000 0.00000 0.00000 0.00000  0.00000 1.07000stis_ngsl_v2/h_stis_ngsl_bd660268_v2.fits
17 0.00000 0.00000 0.00000 0.00000 0.00000 0.00000 0.00000 0.00000 0.00000 0.00000  0.00000 0.620000stis_ngsl_v2/h_stis_ngsl_bd720094_v2.fits
18 0.00000 0.00000 0.00000 0.00000 0.00000 0.00000 0.00000 0.00000 0.00000 0.00000  0.00000 0.835000stis_ngsl_v2/h_stis_ngsl_cd-259286_v2.fits
19 0.00000 0.00000 0.00000 0.00000 0.00000 0.00000 0.00000 0.00000 0.00000 0.00000  0.00000 1.00000stis_ngsl_v2/h_stis_ngsl_cd-3018140_v2.fits
20 10.1457 10.1457 9.62560 9.46550 9.38610 10.0613 9.62380 9.46240 9.39320 9.36160 h_stis_ngsl_cd-621346_v2.fits -0.600000 0.560000stis_ngsl_v2/h_stis_ngsl_cd-621346_v2.fits
21 0.00000 0.00000 0.00000 0.00000 0.00000 0.00000 0.00000 0.00000 0.00000 0.00000  0.00000 0.850000stis_ngsl_v2/h_stis_ngsl_cd-691618_v2.fits
22 0.00000 0.00000 0.00000 0.00000 0.00000 0.00000 0.00000 0.00000 0.00000 0.00000  0.00000 0.640000stis_ngsl_v2/h_stis_ngsl_g019-013_v2.fits
23 0.00000 0.00000 0.00000 0.00000 0.00000 0.00000 0.00000 0.00000 0.00000 0.00000  0.00000 0.835000stis_ngsl_v2/h_stis_ngsl_g021-024_v2.fits
24 0.00000 0.00000 0.00000 0.00000 0.00000 0.00000 0.00000 0.00000 0.00000 0.00000  0.00000 0.765000stis_ngsl_v2/h_stis_ngsl_g029-023_v2.fits
25 0.00000 0.00000 0.00000 0.00000 0.00000 0.00000 0.00000 0.00000 0.00000 0.00000  0.00000 0.670000stis_ngsl_v2/h_stis_ngsl_g114-26_v2.fits
26 12.3479 12.3479 12.0373 11.9791 12.0204 12.2991 12.0395 11.9787 12.0035 12.0697 h_stis_ngsl_g115-58_v2.fits -1.60000 0.600000stis_ngsl_v2/h_stis_ngsl_g115-58_v2.fits
27 0.00000 0.00000 0.00000 0.00000 0.00000 0.00000 0.00000 0.00000 0.00000 0.00000  0.00000 0.695000stis_ngsl_v2/h_stis_ngsl_g12-21_v2.fits
28 9.82840 9.82840 9.54470 9.46890 9.46710 9.78270 9.54370 9.46800 9.46220 9.48160 h_stis_ngsl_g13-35_v2.fits -1.80000 0.345000stis_ngsl_v2/h_stis_ngsl_g13-35_v2.fits
29 0.00000 0.00000 0.00000 0.00000 0.00000 0.00000 0.00000 0.00000 0.00000 0.00000  0.00000 1.09500stis_ngsl_v2/h_stis_ngsl_g169-28_v2.fits
30 0.00000 0.00000 0.00000 0.00000 0.00000 0.00000 0.00000 0.00000 0.00000 0.00000  0.00000 0.820000stis_ngsl_v2/h_stis_ngsl_g17-25_v2.fits
31 10.5764 10.5764 10.2580 10.1545 10.1454 10.5252 10.2563 10.1531 10.1428 10.1515 h_stis_ngsl_g18-39_v2.fits -1.70000 0.500000stis_ngsl_v2/h_stis_ngsl_g18-39_v2.fits
32 0.00000 0.00000 0.00000 0.00000 0.00000 0.00000 0.00000 0.00000 0.00000 0.00000  0.00000 0.715000stis_ngsl_v2/h_stis_ngsl_g18-54_v2.fits
33 10.0569 10.0569 9.75200 9.64850 9.64460 10.0074 9.75020 9.64700 9.64150 9.65210 h_stis_ngsl_g180-24_v2.fits -1.50000 0.405000stis_ngsl_v2/h_stis_ngsl_g180-24_v2.fits
34 0.00000 0.00000 0.00000 0.00000 0.00000 0.00000 0.00000 0.00000 0.00000 0.00000  0.00000 0.895000stis_ngsl_v2/h_stis_ngsl_g187-40_v2.fits
35 0.00000 0.00000 0.00000 0.00000 0.00000 0.00000 0.00000 0.00000 0.00000 0.00000  0.00000 0.710000stis_ngsl_v2/h_stis_ngsl_g188-22_v2.fits
36 0.00000 0.00000 0.00000 0.00000 0.00000 0.00000 0.00000 0.00000 0.00000 0.00000  0.00000 1.00000stis_ngsl_v2/h_stis_ngsl_g188-30_v2.fits
37 0.00000 0.00000 0.00000 0.00000 0.00000 0.00000 0.00000 0.00000 0.00000 0.00000  0.00000 0.885000stis_ngsl_v2/h_stis_ngsl_g192-43_v2.fits
38 0.00000 0.00000 0.00000 0.00000 0.00000 0.00000 0.00000 0.00000 0.00000 0.00000  0.00000 0.970000stis_ngsl_v2/h_stis_ngsl_g194-22_v2.fits
39 0.00000 0.00000 0.00000 0.00000 0.00000 0.00000 0.00000 0.00000 0.00000 0.00000  0.00000 0.795000stis_ngsl_v2/h_stis_ngsl_g196-48_v2.fits
40 0.00000 0.00000 0.00000 0.00000 0.00000 0.00000 0.00000 0.00000 0.00000 0.00000  0.00000 0.810000stis_ngsl_v2/h_stis_ngsl_g20-15_v2.fits
41 0.00000 0.00000 0.00000 0.00000 0.00000 0.00000 0.00000 0.00000 0.00000 0.00000  0.00000 0.915000stis_ngsl_v2/h_stis_ngsl_g202-65_v2.fits
42 0.00000 0.00000 0.00000 0.00000 0.00000 0.00000 0.00000 0.00000 0.00000 0.00000  0.00000 0.995000stis_ngsl_v2/h_stis_ngsl_g231-52_v2.fits
43 0.00000 0.00000 0.00000 0.00000 0.00000 0.00000 0.00000 0.00000 0.00000 0.00000  0.00000 0.700000stis_ngsl_v2/h_stis_ngsl_g234-28_v2.fits
44 10.6665 10.6665 10.3241 10.2118 10.1927 10.6131 10.3225 10.2100 10.1915 10.1945 h_stis_ngsl_g24-3_v2.fits -1.80000 0.580000stis_ngsl_v2/h_stis_ngsl_g24-3_v2.fits
45 11.9779 11.9779 11.2489 10.9848 10.8413 11.8651 11.2450 10.9790 10.8584 10.7811 h_stis_ngsl_g243-62_v2.fits -1.70000 0.475000stis_ngsl_v2/h_stis_ngsl_g243-62_v2.fits
46 11.6924 11.6924 10.9525 10.7365 10.6380 11.5736 10.9500 10.7320 10.6473 10.6094 h_stis_ngsl_g260-36_v2.fits 0.100000 0.550000stis_ngsl_v2/h_stis_ngsl_g260-36_v2.fits
47 0.00000 0.00000 0.00000 0.00000 0.00000 0.00000 0.00000 0.00000 0.00000 0.00000  0.00000 0.670000stis_ngsl_v2/h_stis_ngsl_g262-14_v2.fits
48 0.00000 0.00000 0.00000 0.00000 0.00000 0.00000 0.00000 0.00000 0.00000 0.00000  0.00000 0.740000stis_ngsl_v2/h_stis_ngsl_g63-26_v2.fits
49 10.8748 10.8748 10.5719 10.4950 10.4982 10.8260 10.5715 10.4943 10.4942 10.5099 h_stis_ngsl_g88-27_v2.fits -1.60000 0.405000stis_ngsl_v2/h_stis_ngsl_g88-27_v2.fits
50 0.00000 0.00000 0.00000 0.00000 0.00000 0.00000 0.00000 0.00000 0.00000 0.00000  0.00000 0.710000stis_ngsl_v2/h_stis_ngsl_gj825_v2.fits
51 0.00000 0.00000 0.00000 0.00000 0.00000 0.00000 0.00000 0.00000 0.00000 0.00000  0.00000 0.735000stis_ngsl_v2/h_stis_ngsl_gl109_v2.fits
52 0.00000 0.00000 0.00000 0.00000 0.00000 0.00000 0.00000 0.00000 0.00000 0.00000  0.00000 0.800000stis_ngsl_v2/h_stis_ngsl_gl15b_v2.fits
53 5.87470 5.87470 5.98270 6.12200 6.23680 5.86940 5.98230 6.12610 6.22810 6.26070 h_stis_ngsl_hd000319_v2.fits -0.400000 0.350000stis_ngsl_v2/h_stis_ngsl_hd000319_v2.fits
54 1.87970 1.87970 2.20510 2.47200 2.68890 1.90730 2.20680 2.47930 2.66280 2.77670 h_stis_ngsl_hd000358_v2.fits 9.90000 0.0700000stis_ngsl_v2/h_stis_ngsl_hd000358_v2.fits
55 2.56840 2.56840 3.01630 3.35200 3.63880 2.61170 3.01880 3.36070 3.60120 3.76990 h_stis_ngsl_hd000886_v2.fits 9.90000 0.255000stis_ngsl_v2/h_stis_ngsl_hd000886_v2.fits
56 6.75090 6.75090 6.27660 6.16950 6.13830 6.66910 6.27590 6.16740 6.14070 6.12840 h_stis_ngsl_hd001461_v2.fits 0.300000 0.120000stis_ngsl_v2/h_stis_ngsl_hd001461_v2.fits
57 0.00000 0.00000 0.00000 0.00000 0.00000 0.00000 0.00000 0.00000 0.00000 0.00000  0.00000 0.835000stis_ngsl_v2/h_stis_ngsl_hd002665_v2.fits
58 0.00000 0.00000 0.00000 0.00000 0.00000 0.00000 0.00000 0.00000 0.00000 0.00000  0.00000 1.09000stis_ngsl_v2/h_stis_ngsl_hd002857_v2.fits
59 3.41030 3.41030 3.84500 4.16410 4.43590 3.45200 3.84700 4.17260 4.40060 4.56080 h_stis_ngsl_hd003360_v2.fits 9.90000 0.215000stis_ngsl_v2/h_stis_ngsl_hd003360_v2.fits
60 0.00000 0.00000 0.00000 0.00000 0.00000 0.00000 0.00000 0.00000 0.00000 0.00000  0.00000 1.16500stis_ngsl_v2/h_stis_ngsl_hd003712_v2.fits
61 0.00000 0.00000 0.00000 0.00000 0.00000 0.00000 0.00000 0.00000 0.00000 0.00000  0.00000 0.980000stis_ngsl_v2/h_stis_ngsl_hd004128_v2.fits
62 0.00000 0.00000 0.00000 0.00000 0.00000 0.00000 0.00000 0.00000 0.00000 0.00000  0.00000 0.615000stis_ngsl_v2/h_stis_ngsl_hd004727_v2.fits
63 0.00000 0.00000 0.00000 0.00000 0.00000 0.00000 0.00000 0.00000 0.00000 0.00000  0.00000 0.710000stis_ngsl_v2/h_stis_ngsl_hd004813_v2.fits
64 9.09020 9.09020 8.52010 8.35610 8.27870 8.99660 8.51860 8.35270 8.28740 8.24670 h_stis_ngsl_hd005256_v2.fits -0.600000 0.510000stis_ngsl_v2/h_stis_ngsl_hd005256_v2.fits
65 5.07180 5.07180 4.32870 4.08780 3.95490 4.95010 4.32540 4.08260 3.96900 3.91040 h_stis_ngsl_hd005395_v2.fits -0.500000 0.0700000stis_ngsl_v2/h_stis_ngsl_hd005395_v2.fits
66 8.19260 8.19260 7.28210 6.98640 6.80950 8.04500 7.27700 6.98000 6.82930 6.75090 h_stis_ngsl_hd005544_v2.fits -0.500000 0.330000stis_ngsl_v2/h_stis_ngsl_hd005544_v2.fits
67 7.29120 7.29120 6.59510 6.36330 6.24230 7.17940 6.59190 6.35840 6.25500 6.20210 h_stis_ngsl_hd005916_v2.fits -0.600000 0.260000stis_ngsl_v2/h_stis_ngsl_hd005916_v2.fits
68 8.93960 8.93960 8.37320 8.16720 8.05890 8.85010 8.36990 8.16290 8.07070 8.01790 h_stis_ngsl_hd006229_v2.fits -0.600000 0.0550000stis_ngsl_v2/h_stis_ngsl_hd006229_v2.fits
69 0.00000 0.00000 0.00000 0.00000 0.00000 0.00000 0.00000 0.00000 0.00000 0.00000  0.00000 0.745000stis_ngsl_v2/h_stis_ngsl_hd006734_v2.fits
70 0.00000 0.00000 0.00000 0.00000 0.00000 0.00000 0.00000 0.00000 0.00000 0.00000  0.00000 0.745000stis_ngsl_v2/h_stis_ngsl_hd006755_v2.fits
71 0.00000 0.00000 0.00000 0.00000 0.00000 0.00000 0.00000 0.00000 0.00000 0.00000  0.00000 0.700000stis_ngsl_v2/h_stis_ngsl_hd008491_v2.fits
72 0.00000 0.00000 0.00000 0.00000 0.00000 0.00000 0.00000 0.00000 0.00000 0.00000  0.00000 0.895000stis_ngsl_v2/h_stis_ngsl_hd008724_v2.fits
73 0.00000 0.00000 0.00000 0.00000 0.00000 0.00000 0.00000 0.00000 0.00000 0.00000  0.00000 0.815000stis_ngsl_v2/h_stis_ngsl_hd008890_v2.fits
74 0.00000 0.00000 0.00000 0.00000 0.00000 0.00000 0.00000 0.00000 0.00000 0.00000  0.00000 0.850000stis_ngsl_v2/h_stis_ngsl_hd009051_v2.fits
75 0.00000 0.00000 0.00000 0.00000 0.00000 0.00000 0.00000 0.00000 0.00000 0.00000  0.00000 0.765000stis_ngsl_v2/h_stis_ngsl_hd010380_v2.fits
76 5.98940 5.98940 5.38260 5.21650 5.15020 5.89140 5.38130 5.21310 5.15660 5.12780 h_stis_ngsl_hd010780_v2.fits 0.100000 0.340000stis_ngsl_v2/h_stis_ngsl_hd010780_v2.fits
77 0.00000 0.00000 0.00000 0.00000 0.00000 0.00000 0.00000 0.00000 0.00000 0.00000  0.00000 0.955000stis_ngsl_v2/h_stis_ngsl_hd012533_v2.fits
78 0.00000 0.00000 0.00000 0.00000 0.00000 0.00000 0.00000 0.00000 0.00000 0.00000  0.00000 0.800000stis_ngsl_v2/h_stis_ngsl_hd013520_v2.fits
79 0.00000 0.00000 0.00000 0.00000 0.00000 0.00000 0.00000 0.00000 0.00000 0.00000  0.00000 0.810000stis_ngsl_v2/h_stis_ngsl_hd015089_v2.fits
80 9.93420 9.93420 9.65910 9.57290 9.56870 9.89030 9.65750 9.57200 9.56320 9.58670 h_stis_ngsl_hd016031_v2.fits -1.80000 0.230000stis_ngsl_v2/h_stis_ngsl_hd016031_v2.fits
81 6.88240 6.88240 6.38590 6.21060 6.13790 6.80640 6.38340 6.20710 6.14320 6.11810 h_stis_ngsl_hd017072_v2.fits -0.600000 0.500000stis_ngsl_v2/h_stis_ngsl_hd017072_v2.fits
82 4.02630 4.02630 4.37780 4.65200 4.85970 4.05680 4.37950 4.65940 4.83550 4.94240 h_stis_ngsl_hd017081_v2.fits -0.500000 0.0100000stis_ngsl_v2/h_stis_ngsl_hd017081_v2.fits
83 5.06230 5.06230 4.16510 3.89700 3.74960 4.91690 4.16110 3.89130 3.76590 3.70360 h_stis_ngsl_hd017361_v2.fits -0.100000 0.445000stis_ngsl_v2/h_stis_ngsl_hd017361_v2.fits
84 0.00000 0.00000 0.00000 0.00000 0.00000 0.00000 0.00000 0.00000 0.00000 0.00000  0.00000 0.785000stis_ngsl_v2/h_stis_ngsl_hd017925_v2.fits
85 8.26870 8.26870 8.21970 8.31770 8.37960 8.25490 8.22110 8.32080 8.37810 8.38380 h_stis_ngsl_hd018078_v2.fits 0.500000 0.195000stis_ngsl_v2/h_stis_ngsl_hd018078_v2.fits
86 5.86650 5.86650 5.95150 6.10200 6.24460 5.85890 5.95180 6.10670 6.23190 6.28510 h_stis_ngsl_hd018769_v2.fits 0.500000 0.515000stis_ngsl_v2/h_stis_ngsl_hd018769_v2.fits
87 0.00000 0.00000 0.00000 0.00000 0.00000 0.00000 0.00000 0.00000 0.00000 0.00000  0.00000 1.08000stis_ngsl_v2/h_stis_ngsl_hd018907_v2.fits
88 0.00000 0.00000 0.00000 0.00000 0.00000 0.00000 0.00000 0.00000 0.00000 0.00000  0.00000 0.615000stis_ngsl_v2/h_stis_ngsl_hd019019_v2.fits
89 0.00000 0.00000 0.00000 0.00000 0.00000 0.00000 0.00000 0.00000 0.00000 0.00000  0.00000 0.795000stis_ngsl_v2/h_stis_ngsl_hd019308_v2.fits
90 8.21480 8.21480 7.89980 7.80450 7.79850 8.16440 7.89870 7.80300 7.79560 7.80700 h_stis_ngsl_hd019445_v2.fits -1.90000 0.545000stis_ngsl_v2/h_stis_ngsl_hd019445_v2.fits
91 0.00000 0.00000 0.00000 0.00000 0.00000 0.00000 0.00000 0.00000 0.00000 0.00000  0.00000 0.905000stis_ngsl_v2/h_stis_ngsl_hd019656_v2.fits
92 4.83520 4.83520 4.02260 3.79250 3.67740 4.70210 4.01960 3.78780 3.68680 3.65210 h_stis_ngsl_hd019787_v2.fits -0.100000 0.575000stis_ngsl_v2/h_stis_ngsl_hd019787_v2.fits
93 9.23050 9.23050 8.65960 8.46680 8.37940 9.13870 8.65710 8.46280 8.38710 8.35220 h_stis_ngsl_hd020039_v2.fits -0.600000 0.0800000stis_ngsl_v2/h_stis_ngsl_hd020039_v2.fits
94 5.14690 5.14690 4.66220 4.53430 4.49970 5.06730 4.66120 4.53180 4.50180 4.49010 h_stis_ngsl_hd020630_v2.fits 0.00000 0.375000stis_ngsl_v2/h_stis_ngsl_hd020630_v2.fits
95 0.00000 0.00000 0.00000 0.00000 0.00000 0.00000 0.00000 0.00000 0.00000 0.00000  0.00000 0.830000stis_ngsl_v2/h_stis_ngsl_hd021742_v2.fits
96 0.00000 0.00000 0.00000 0.00000 0.00000 0.00000 0.00000 0.00000 0.00000 0.00000  0.00000 0.660000stis_ngsl_v2/h_stis_ngsl_hd022049_v2.fits
97 4.50380 4.50380 4.14620 4.06090 4.04960 4.43920 4.14510 4.05940 4.04820 4.05010 h_stis_ngsl_hd022484_v2.fits 0.100000 0.210000stis_ngsl_v2/h_stis_ngsl_hd022484_v2.fits
98 8.49500 8.49500 7.89340 7.69880 7.61250 8.40160 7.89130 7.69480 7.62100 7.58190 h_stis_ngsl_hd023439_v2.fits -0.600000 0.410000stis_ngsl_v2/h_stis_ngsl_hd023439_v2.fits
99 0.00000 0.00000 0.00000 0.00000 0.00000 0.00000 0.00000 0.00000 0.00000 0.00000  0.00000 0.765000stis_ngsl_v2/h_stis_ngsl_hd025329_v2.fits
100 7.60300 7.60300 6.95790 6.79270 6.74200 7.50030 6.95690 6.78960 6.74370 6.73450 h_stis_ngsl_hd025893_v2.fits 0.100000 0.590000stis_ngsl_v2/h_stis_ngsl_hd025893_v2.fits
101 0.00000 0.00000 0.00000 0.00000 0.00000 0.00000 0.00000 0.00000 0.00000 0.00000  0.00000 0.820000stis_ngsl_v2/h_stis_ngsl_hd025975_v2.fits
102 0.00000 0.00000 0.00000 0.00000 0.00000 0.00000 0.00000 0.00000 0.00000 0.00000  0.00000 0.745000stis_ngsl_v2/h_stis_ngsl_hd026297_v2.fits
103 0.00000 0.00000 0.00000 0.00000 0.00000 0.00000 0.00000 0.00000 0.00000 0.00000  0.00000 0.750000stis_ngsl_v2/h_stis_ngsl_hd026630_v2.fits
104 5.30630 5.30630 5.62940 5.88980 6.08090 5.33110 5.63070 5.89680 6.06170 6.14350 h_stis_ngsl_hd027295_v2.fits -0.400000 0.0800000stis_ngsl_v2/h_stis_ngsl_hd027295_v2.fits
105 8.27480 8.27480 7.68150 7.51780 7.46320 8.17770 7.68010 7.51460 7.46650 7.44840 h_stis_ngsl_hd028946_v2.fits -0.00000 0.585000stis_ngsl_v2/h_stis_ngsl_hd028946_v2.fits
106 0.00000 0.00000 0.00000 0.00000 0.00000 0.00000 0.00000 0.00000 0.00000 0.00000  0.00000 0.875000stis_ngsl_v2/h_stis_ngsl_hd028978_v2.fits
107 0.00000 0.00000 0.00000 0.00000 0.00000 0.00000 0.00000 0.00000 0.00000 0.00000  0.00000 0.690000stis_ngsl_v2/h_stis_ngsl_hd029391_v2.fits
108 9.09060 9.09060 7.85390 7.32990 7.01190 8.90870 7.84300 7.31830 7.05170 6.88730 h_stis_ngsl_hd029574_v2.fits -1.70000 0.420000stis_ngsl_v2/h_stis_ngsl_hd029574_v2.fits
109 4.17920 4.17920 4.31940 4.49910 4.66780 4.18990 4.32210 4.50390 4.64190 4.75530 h_stis_ngsl_hd030614_v2.fits 9.90000 0.225000stis_ngsl_v2/h_stis_ngsl_hd030614_v2.fits
110 0.00000 0.00000 0.00000 0.00000 0.00000 0.00000 0.00000 0.00000 0.00000 0.00000  0.00000 0.755000stis_ngsl_v2/h_stis_ngsl_hd030834_v2.fits
111 0.00000 0.00000 0.00000 0.00000 0.00000 0.00000 0.00000 0.00000 0.00000 0.00000  0.00000 0.890000stis_ngsl_v2/h_stis_ngsl_hd031219_v2.fits
112 4.66650 4.66650 3.73450 3.41360 3.23130 4.51430 3.72850 3.40660 3.25080 3.17340 h_stis_ngsl_hd031421_v2.fits -0.500000 0.450000stis_ngsl_v2/h_stis_ngsl_hd031421_v2.fits
113 9.74810 9.74810 8.22660 7.48630 7.04820 9.51750 8.23760 7.46450 7.08720 6.92250 h_stis_ngsl_hd033793_v2.fits 9.90000 0.0150000stis_ngsl_v2/h_stis_ngsl_hd033793_v2.fits
114 6.05170 6.05170 5.92070 5.92830 5.98230 6.02940 5.92000 5.92920 5.96940 6.02680 h_stis_ngsl_hd034078_v2.fits 9.90000 0.430000stis_ngsl_v2/h_stis_ngsl_hd034078_v2.fits
115 6.34830 6.34830 6.66770 6.92770 7.13600 6.37470 6.66940 6.93490 7.11260 7.21450 h_stis_ngsl_hd034797_v2.fits 0.00000 0.0450000stis_ngsl_v2/h_stis_ngsl_hd034797_v2.fits
116 4.01490 4.01490 4.50510 4.86560 5.17690 4.06080 4.50690 4.87490 5.13600 5.32090 h_stis_ngsl_hd034816_v2.fits 9.90000 0.370000stis_ngsl_v2/h_stis_ngsl_hd034816_v2.fits
117 0.00000 0.00000 0.00000 0.00000 0.00000 0.00000 0.00000 0.00000 0.00000 0.00000  0.00000 0.845000stis_ngsl_v2/h_stis_ngsl_hd036702_v2.fits
118 4.47560 4.47560 4.95280 5.30440 5.60940 4.52050 4.95470 5.31350 5.56910 5.75140 h_stis_ngsl_hd036960_v2.fits 9.90000 0.305000stis_ngsl_v2/h_stis_ngsl_hd036960_v2.fits
119 2.66240 2.66240 3.04120 3.33950 3.53010 2.70070 3.04640 3.34620 3.49900 3.63620 h_stis_ngsl_hd037202_v2.fits 9.90000 0.275000stis_ngsl_v2/h_stis_ngsl_hd037202_v2.fits
120 0.00000 0.00000 0.00000 0.00000 0.00000 0.00000 0.00000 0.00000 0.00000 0.00000  0.00000 0.930000stis_ngsl_v2/h_stis_ngsl_hd037216_v2.fits
121 5.74570 5.74570 4.81100 4.53630 4.37660 5.59480 4.80710 4.53040 4.39330 4.33040 h_stis_ngsl_hd037763_v2.fits 0.200000 0.325000stis_ngsl_v2/h_stis_ngsl_hd037763_v2.fits
122 7.45460 7.45460 6.51860 6.13900 5.91590 7.31020 6.51110 6.13080 5.93920 5.84000 h_stis_ngsl_hd037828_v2.fits -1.60000 0.0400000stis_ngsl_v2/h_stis_ngsl_hd037828_v2.fits
123 7.13240 7.13240 7.20340 7.34010 7.45370 7.12080 7.20330 7.34420 7.44610 7.47420 h_stis_ngsl_hd038237_v2.fits 0.100000 0.400000stis_ngsl_v2/h_stis_ngsl_hd038237_v2.fits
124 8.40330 8.40330 8.04580 7.95070 7.93150 8.34290 8.04440 7.94900 7.92860 7.93730 h_stis_ngsl_hd038510_v2.fits -0.800000 0.300000stis_ngsl_v2/h_stis_ngsl_hd038510_v2.fits
125 0.00000 0.00000 0.00000 0.00000 0.00000 0.00000 0.00000 0.00000 0.00000 0.00000  0.00000 0.735000stis_ngsl_v2/h_stis_ngsl_hd039587_v2.fits
126 0.00000 0.00000 0.00000 0.00000 0.00000 0.00000 0.00000 0.00000 0.00000 0.00000  0.00000 0.660000stis_ngsl_v2/h_stis_ngsl_hd039833_v2.fits
127 7.33580 7.33580 7.58970 7.80790 7.97830 7.35190 7.59020 7.81430 7.96370 8.02420 h_stis_ngsl_hd040573_v2.fits -0.400000 0.365000stis_ngsl_v2/h_stis_ngsl_hd040573_v2.fits
128 0.00000 0.00000 0.00000 0.00000 0.00000 0.00000 0.00000 0.00000 0.00000 0.00000  0.00000 0.635000stis_ngsl_v2/h_stis_ngsl_hd041357_v2.fits
129 7.62250 7.62250 7.34280 7.31940 7.35750 7.57270 7.34290 7.31970 7.35110 7.37510 h_stis_ngsl_hd041661_v2.fits -0.100000 0.560000stis_ngsl_v2/h_stis_ngsl_hd041661_v2.fits
130 0.00000 0.00000 0.00000 0.00000 0.00000 0.00000 0.00000 0.00000 0.00000 0.00000  0.00000 0.985000stis_ngsl_v2/h_stis_ngsl_hd041667_v2.fits
131 0.00000 0.00000 0.00000 0.00000 0.00000 0.00000 0.00000 0.00000 0.00000 0.00000  0.00000 0.855000stis_ngsl_v2/h_stis_ngsl_hd043042_v2.fits
132 0.00000 0.00000 0.00000 0.00000 0.00000 0.00000 0.00000 0.00000 0.00000 0.00000  0.00000 0.820000stis_ngsl_v2/h_stis_ngsl_hd044007_v2.fits
133 0.00000 0.00000 0.00000 0.00000 0.00000 0.00000 0.00000 0.00000 0.00000 0.00000  0.00000 0.845000stis_ngsl_v2/h_stis_ngsl_hd045282_v2.fits
134 9.28450 9.28450 8.89990 8.77310 8.69970 9.22690 8.89810 8.77080 8.70600 8.68540 h_stis_ngsl_hd046703_v2.fits -0.00000 0.480000stis_ngsl_v2/h_stis_ngsl_hd046703_v2.fits
135 0.00000 0.00000 0.00000 0.00000 0.00000 0.00000 0.00000 0.00000 0.00000 0.00000  0.00000 0.825000stis_ngsl_v2/h_stis_ngsl_hd047839_v2.fits
136 7.91210 7.91210 7.95430 8.06970 8.19360 7.90900 7.95490 8.07280 8.17220 8.26780 h_stis_ngsl_hd048279_v2.fits 9.90000 0.240000stis_ngsl_v2/h_stis_ngsl_hd048279_v2.fits
137 6.23290 6.23290 6.10400 6.11610 6.14600 6.20370 6.10310 6.11730 6.14490 6.14880 h_stis_ngsl_hd050420_v2.fits -0.00000 0.385000stis_ngsl_v2/h_stis_ngsl_hd050420_v2.fits
138 1.27900 1.27900 1.71370 2.00640 2.28110 1.32140 1.71500 2.01430 2.24050 2.42740 h_stis_ngsl_hd052089_v2.fits 9.90000 0.160000stis_ngsl_v2/h_stis_ngsl_hd052089_v2.fits
139 4.24570 4.24570 3.60750 3.44280 3.38460 4.13950 3.60540 3.43960 3.39250 3.35510 h_stis_ngsl_hd052973_v2.fits 9.90000 0.490000stis_ngsl_v2/h_stis_ngsl_hd052973_v2.fits
140 5.47700 5.47700 5.38660 5.43910 5.50400 5.44920 5.38660 5.44100 5.49890 5.51650 h_stis_ngsl_hd055057_v2.fits 0.200000 0.305000stis_ngsl_v2/h_stis_ngsl_hd055057_v2.fits
141 0.00000 0.00000 0.00000 0.00000 0.00000 0.00000 0.00000 0.00000 0.00000 0.00000  0.00000 0.875000stis_ngsl_v2/h_stis_ngsl_hd055496_v2.fits
142 5.06590 5.06590 5.40450 5.67820 5.90180 5.09950 5.40790 5.68510 5.87180 6.00470 h_stis_ngsl_hd057060_v2.fits 9.90000 0.245000stis_ngsl_v2/h_stis_ngsl_hd057060_v2.fits
143 0.00000 0.00000 0.00000 0.00000 0.00000 0.00000 0.00000 0.00000 0.00000 0.00000  0.00000 0.00000stis_ngsl_v2/h_stis_ngsl_hd057061_v2.fits
144 0.00000 0.00000 0.00000 0.00000 0.00000 0.00000 0.00000 0.00000 0.00000 0.00000  0.00000 0.735000stis_ngsl_v2/h_stis_ngsl_hd057727_v2.fits
145 0.00000 0.00000 0.00000 0.00000 0.00000 0.00000 0.00000 0.00000 0.00000 0.00000  0.00000 0.835000stis_ngsl_v2/h_stis_ngsl_hd058343_v2.fits
146 6.70260 6.70260 6.41300 6.35260 6.36050 6.65140 6.41210 6.35210 6.35550 6.37530 h_stis_ngsl_hd058551_v2.fits -0.400000 0.0950000stis_ngsl_v2/h_stis_ngsl_hd058551_v2.fits
147 4.89100 4.89100 4.86290 4.92310 4.85590 4.87550 4.86180 4.92530 4.86190 4.85360 h_stis_ngsl_hd059612_v2.fits 9.90000 0.110000stis_ngsl_v2/h_stis_ngsl_hd059612_v2.fits
148 9.12080 9.12080 8.77180 8.68340 8.66830 9.06140 8.77070 8.68190 8.66840 8.66400 h_stis_ngsl_hd060319_v2.fits -0.900000 0.405000stis_ngsl_v2/h_stis_ngsl_hd060319_v2.fits
149 0.00000 0.00000 0.00000 0.00000 0.00000 0.00000 0.00000 0.00000 0.00000 0.00000  0.00000 0.650000stis_ngsl_v2/h_stis_ngsl_hd061064_v2.fits
150 6.74760 6.74760 5.40540 4.84770 4.51870 6.52840 5.39240 4.83380 4.55440 4.41370 h_stis_ngsl_hd061603_v2.fits -0.300000 0.305000stis_ngsl_v2/h_stis_ngsl_hd061603_v2.fits
151 6.09570 6.09570 5.33430 5.10820 4.98960 5.97030 5.33110 5.10350 5.00280 4.95130 h_stis_ngsl_hd062412_v2.fits -0.100000 0.425000stis_ngsl_v2/h_stis_ngsl_hd062412_v2.fits
152 5.59910 5.59910 5.23910 5.13790 5.11690 5.53650 5.23720 5.13600 5.11540 5.11680 h_stis_ngsl_hd063077_v2.fits -0.700000 0.420000stis_ngsl_v2/h_stis_ngsl_hd063077_v2.fits
153 3.92750 3.92750 2.96820 2.69120 2.54850 3.76930 2.96260 2.68570 2.56370 2.50520 h_stis_ngsl_hd063700_v2.fits -0.500000 0.365000stis_ngsl_v2/h_stis_ngsl_hd063700_v2.fits
154 0.00000 0.00000 0.00000 0.00000 0.00000 0.00000 0.00000 0.00000 0.00000 0.00000  0.00000 0.640000stis_ngsl_v2/h_stis_ngsl_hd063791_v2.fits
155 8.99420 8.99420 8.59020 8.47810 8.45140 8.92700 8.58890 8.47590 8.45150 8.44750 h_stis_ngsl_hd064412_v2.fits -0.600000 0.275000stis_ngsl_v2/h_stis_ngsl_hd064412_v2.fits
156 0.00000 0.00000 0.00000 0.00000 0.00000 0.00000 0.00000 0.00000 0.00000 0.00000  0.00000 0.935000stis_ngsl_v2/h_stis_ngsl_hd065228_v2.fits
157 7.68640 7.68640 6.30270 5.79340 5.46060 7.46560 6.29020 5.78180 5.50140 5.34350 h_stis_ngsl_hd065354_v2.fits -0.600000 0.0850000stis_ngsl_v2/h_stis_ngsl_hd065354_v2.fits
158 6.35330 6.35330 5.57340 5.35190 5.24050 6.22510 5.56980 5.34750 5.24940 5.22130 h_stis_ngsl_hd065714_v2.fits 0.00000 0.505000stis_ngsl_v2/h_stis_ngsl_hd065714_v2.fits
159 9.62830 9.62830 9.48290 9.50250 9.54790 9.59320 9.48230 9.50360 9.54300 9.56040 h_stis_ngsl_hd067390_v2.fits -0.200000 0.360000stis_ngsl_v2/h_stis_ngsl_hd067390_v2.fits
160 0.00000 0.00000 0.00000 0.00000 0.00000 0.00000 0.00000 0.00000 0.00000 0.00000  0.00000 0.655000stis_ngsl_v2/h_stis_ngsl_hd068988_v2.fits
161 8.75470 8.75470 7.47510 7.00120 6.70410 8.55060 7.46520 6.99000 6.73800 6.60480 h_stis_ngsl_hd071160_v2.fits -0.500000 0.0950000stis_ngsl_v2/h_stis_ngsl_hd071160_v2.fits
162 6.43130 6.43130 5.53360 5.27250 5.12050 6.28440 5.52960 5.26700 5.13600 5.07700 h_stis_ngsl_hd072184_v2.fits 0.100000 0.320000stis_ngsl_v2/h_stis_ngsl_hd072184_v2.fits
163 6.83740 6.83740 6.04510 5.80540 5.67730 6.70710 6.04120 5.80050 5.68750 5.65050 h_stis_ngsl_hd072324_v2.fits -0.100000 0.195000stis_ngsl_v2/h_stis_ngsl_hd072324_v2.fits
164 6.84250 6.84250 5.87990 5.59400 5.42460 6.68450 5.87510 5.58770 5.44110 5.38000 h_stis_ngsl_hd072505_v2.fits 0.100000 0.295000stis_ngsl_v2/h_stis_ngsl_hd072505_v2.fits
165 5.58480 5.58480 5.82600 6.03630 6.19700 5.60260 5.82790 6.04200 6.18060 6.24940 h_stis_ngsl_hd072968_v2.fits 0.500000 0.170000stis_ngsl_v2/h_stis_ngsl_hd072968_v2.fits
166 6.91740 6.91740 6.12510 5.90440 5.78170 6.78560 6.12180 5.89990 5.79320 5.75340 h_stis_ngsl_hd073710_v2.fits 0.100000 0.315000stis_ngsl_v2/h_stis_ngsl_hd073710_v2.fits
167 7.60700 7.60700 6.15480 5.55320 5.16750 7.37890 6.14110 5.53860 5.21690 5.02070 h_stis_ngsl_hd074088_v2.fits -1.10000 0.415000stis_ngsl_v2/h_stis_ngsl_hd074088_v2.fits
168 8.57680 8.57680 8.77470 8.96710 9.07780 8.58530 8.77560 8.97250 9.07040 9.09850 h_stis_ngsl_hd074721_v2.fits -0.600000 0.350000stis_ngsl_v2/h_stis_ngsl_hd074721_v2.fits
169 6.27590 6.27590 5.37050 5.08310 4.91990 6.12930 5.36610 5.07690 4.93610 4.87120 h_stis_ngsl_hd076291_v2.fits -0.200000 0.250000stis_ngsl_v2/h_stis_ngsl_hd076291_v2.fits
170 5.99940 5.99940 5.65160 5.55670 5.53450 5.93920 5.65030 5.55500 5.53300 5.53520 h_stis_ngsl_hd076932_v2.fits -0.700000 0.380000stis_ngsl_v2/h_stis_ngsl_hd076932_v2.fits
171 5.06020 5.06020 5.39190 5.66330 5.86910 5.08710 5.39350 5.67050 5.84490 5.94960 h_stis_ngsl_hd078316_v2.fits -0.100000 0.200000stis_ngsl_v2/h_stis_ngsl_hd078316_v2.fits
172 0.00000 0.00000 0.00000 0.00000 0.00000 0.00000 0.00000 0.00000 0.00000 0.00000  0.00000 0.615000stis_ngsl_v2/h_stis_ngsl_hd078362_v2.fits
173 7.79910 7.79910 6.80540 6.51150 6.33520 7.63570 6.80020 6.50520 6.35170 6.29120 h_stis_ngsl_hd078479_v2.fits 0.100000 0.330000stis_ngsl_v2/h_stis_ngsl_hd078479_v2.fits
174 0.00000 0.00000 0.00000 0.00000 0.00000 0.00000 0.00000 0.00000 0.00000 0.00000  0.00000 0.720000stis_ngsl_v2/h_stis_ngsl_hd079158_v2.fits
175 9.34350 9.34350 7.95900 7.33520 6.95960 9.12210 7.94710 7.31880 7.00330 6.82740 h_stis_ngsl_hd079349_v2.fits -0.100000 0.170000stis_ngsl_v2/h_stis_ngsl_hd079349_v2.fits
176 0.00000 0.00000 0.00000 0.00000 0.00000 0.00000 0.00000 0.00000 0.00000 0.00000  0.00000 0.675000stis_ngsl_v2/h_stis_ngsl_hd079469_v2.fits
177 0.00000 0.00000 0.00000 0.00000 0.00000 0.00000 0.00000 0.00000 0.00000 0.00000  0.00000 0.720000stis_ngsl_v2/h_stis_ngsl_hd080607_v2.fits
178 0.00000 0.00000 0.00000 0.00000 0.00000 0.00000 0.00000 0.00000 0.00000 0.00000  0.00000 1.03000stis_ngsl_v2/h_stis_ngsl_hd081797_v2.fits
179 0.00000 0.00000 0.00000 0.00000 0.00000 0.00000 0.00000 0.00000 0.00000 0.00000  0.00000 0.755000stis_ngsl_v2/h_stis_ngsl_hd082395_v2.fits
180 5.48610 5.48610 4.70200 4.49150 4.37820 5.35520 4.69900 4.48730 4.38940 4.35070 h_stis_ngsl_hd082734_v2.fits 0.200000 0.335000stis_ngsl_v2/h_stis_ngsl_hd082734_v2.fits
181 0.00000 0.00000 0.00000 0.00000 0.00000 0.00000 0.00000 0.00000 0.00000 0.00000  0.00000 0.795000stis_ngsl_v2/h_stis_ngsl_hd083212_v2.fits
182 6.65920 6.65920 6.27250 6.18960 6.19500 6.59300 6.27190 6.18820 6.19060 6.20700 h_stis_ngsl_hd085380_v2.fits 0.200000 0.555000stis_ngsl_v2/h_stis_ngsl_hd085380_v2.fits
183 7.39700 7.39700 6.57230 6.31470 6.17890 7.26330 6.56820 6.30940 6.19400 6.13500 h_stis_ngsl_hd086322_v2.fits -0.300000 0.500000stis_ngsl_v2/h_stis_ngsl_hd086322_v2.fits
184 7.93560 7.93560 8.03240 8.15010 8.22170 7.93380 8.03240 8.15380 8.21740 8.23550 h_stis_ngsl_hd086986_v2.fits -1.20000 0.320000stis_ngsl_v2/h_stis_ngsl_hd086986_v2.fits
185 9.32020 9.32020 8.76180 8.54030 8.44340 9.23620 8.75840 8.53570 8.45060 8.41870 h_stis_ngsl_hd087140_v2.fits -2.00000 0.455000stis_ngsl_v2/h_stis_ngsl_hd087140_v2.fits
186 3.34590 3.34590 3.57230 3.78310 3.88140 3.36340 3.57390 3.78910 3.86710 3.94410 h_stis_ngsl_hd087737_v2.fits 9.90000 0.235000stis_ngsl_v2/h_stis_ngsl_hd087737_v2.fits
187 0.00000 0.00000 0.00000 0.00000 0.00000 0.00000 0.00000 0.00000 0.00000 0.00000  0.00000 0.825000stis_ngsl_v2/h_stis_ngsl_hd090862_v2.fits
188 3.62130 3.62130 3.97730 4.26110 4.52000 3.65380 3.97930 4.26880 4.48320 4.65100 h_stis_ngsl_hd091316_v2.fits 9.90000 0.600000stis_ngsl_v2/h_stis_ngsl_hd091316_v2.fits
189 8.68520 8.68520 8.83480 8.99280 9.07250 8.68890 8.83550 8.99750 9.06660 9.09030 h_stis_ngsl_hd093329_v2.fits -0.600000 0.0500000stis_ngsl_v2/h_stis_ngsl_hd093329_v2.fits
190 0.00000 0.00000 0.00000 0.00000 0.00000 0.00000 0.00000 0.00000 0.00000 0.00000  0.00000 0.740000stis_ngsl_v2/h_stis_ngsl_hd093813_v2.fits
191 0.00000 0.00000 0.00000 0.00000 0.00000 0.00000 0.00000 0.00000 0.00000 0.00000  0.00000 0.605000stis_ngsl_v2/h_stis_ngsl_hd094028_v2.fits
192 6.25650 6.25650 5.86080 5.75200 5.73130 6.18990 5.85940 5.75010 5.73090 5.73070 h_stis_ngsl_hd095241_v2.fits -0.100000 0.285000stis_ngsl_v2/h_stis_ngsl_hd095241_v2.fits
193 2.27180 2.27180 2.48220 2.68590 2.85730 2.28690 2.48370 2.69200 2.83850 2.91950 h_stis_ngsl_hd095418_v2.fits 9.90000 0.315000stis_ngsl_v2/h_stis_ngsl_hd095418_v2.fits
194 0.00000 0.00000 0.00000 0.00000 0.00000 0.00000 0.00000 0.00000 0.00000 0.00000  0.00000 0.640000stis_ngsl_v2/h_stis_ngsl_hd095735_v2.fits
195 6.55140 6.55140 5.55950 5.25800 5.08100 6.38980 5.55400 5.25160 5.10080 5.02660 h_stis_ngsl_hd095849_v2.fits -0.00000 0.415000stis_ngsl_v2/h_stis_ngsl_hd095849_v2.fits
196 6.47020 6.47020 6.83370 7.11580 7.36880 6.50210 6.83510 7.12340 7.33560 7.48630 h_stis_ngsl_hd096446_v2.fits 9.90000 0.215000stis_ngsl_v2/h_stis_ngsl_hd096446_v2.fits
197 3.17380 3.17380 3.41960 3.62950 3.76750 3.18860 3.42030 3.63550 3.75630 3.80320 h_stis_ngsl_hd097633_v2.fits -0.200000 0.155000stis_ngsl_v2/h_stis_ngsl_hd097633_v2.fits
198 0.00000 0.00000 0.00000 0.00000 0.00000 0.00000 0.00000 0.00000 0.00000 0.00000  0.00000 0.800000stis_ngsl_v2/h_stis_ngsl_hd099648_v2.fits
199 6.61180 6.61180 5.81550 5.60220 5.47650 6.47490 5.81250 5.59790 5.48800 5.44780 h_stis_ngsl_hd101013_v2.fits -0.00000 0.335000stis_ngsl_v2/h_stis_ngsl_hd101013_v2.fits
200 5.70730 5.70730 5.55320 5.57590 5.65670 5.67360 5.55310 5.57750 5.64420 5.69800 h_stis_ngsl_hd101107_v2.fits -0.100000 0.200000stis_ngsl_v2/h_stis_ngsl_hd101107_v2.fits
201 0.00000 0.00000 0.00000 0.00000 0.00000 0.00000 0.00000 0.00000 0.00000 0.00000  0.00000 0.810000stis_ngsl_v2/h_stis_ngsl_hd102212_v2.fits
202 9.08030 9.08030 7.65580 6.98650 6.59590 8.84930 7.64190 6.96890 6.63890 6.46410 h_stis_ngsl_hd102780_v2.fits -0.600000 0.180000stis_ngsl_v2/h_stis_ngsl_hd102780_v2.fits
203 0.00000 0.00000 0.00000 0.00000 0.00000 0.00000 0.00000 0.00000 0.00000 0.00000  0.00000 0.935000stis_ngsl_v2/h_stis_ngsl_hd103036_v2.fits
204 4.07400 4.07400 3.95400 3.98820 4.05080 4.04180 3.95390 3.98970 4.04420 4.06920 h_stis_ngsl_hd105452_v2.fits -0.200000 0.470000stis_ngsl_v2/h_stis_ngsl_hd105452_v2.fits
205 0.00000 0.00000 0.00000 0.00000 0.00000 0.00000 0.00000 0.00000 0.00000 0.00000  0.00000 0.830000stis_ngsl_v2/h_stis_ngsl_hd105546_v2.fits
206 8.89840 8.89840 8.10930 7.82780 7.66790 8.77420 8.10490 7.82170 7.68710 7.60530 h_stis_ngsl_hd105740_v2.fits -0.700000 0.285000stis_ngsl_v2/h_stis_ngsl_hd105740_v2.fits
207 8.93410 8.93410 9.14830 9.35020 9.46660 8.94520 9.14900 9.35590 9.45690 9.49480 h_stis_ngsl_hd106304_v2.fits -1.80000 0.325000stis_ngsl_v2/h_stis_ngsl_hd106304_v2.fits
208 6.28120 6.28120 5.98980 5.91540 5.92630 6.23220 5.98860 5.91460 5.92150 5.94100 h_stis_ngsl_hd106516_v2.fits -0.700000 0.355000stis_ngsl_v2/h_stis_ngsl_hd106516_v2.fits
209 0.00000 0.00000 0.00000 0.00000 0.00000 0.00000 0.00000 0.00000 0.00000 0.00000  0.00000 0.675000stis_ngsl_v2/h_stis_ngsl_hd107582_v2.fits
210 0.00000 0.00000 0.00000 0.00000 0.00000 0.00000 0.00000 0.00000 0.00000 0.00000  0.00000 0.865000stis_ngsl_v2/h_stis_ngsl_hd108945_v2.fits
211 3.62580 3.62580 3.88790 4.09090 4.29110 3.65260 3.89270 4.09540 4.25870 4.39560 h_stis_ngsl_hd109387_v2.fits 9.90000 0.600000stis_ngsl_v2/h_stis_ngsl_hd109387_v2.fits
212 7.48250 7.48250 7.66030 7.81790 7.91100 7.48810 7.66030 7.82260 7.90620 7.92470 h_stis_ngsl_hd109995_v2.fits -1.60000 0.0200000stis_ngsl_v2/h_stis_ngsl_hd109995_v2.fits
213 0.00000 0.00000 0.00000 0.00000 0.00000 0.00000 0.00000 0.00000 0.00000 0.00000  0.00000 0.720000stis_ngsl_v2/h_stis_ngsl_hd110073_v2.fits
214 0.00000 0.00000 0.00000 0.00000 0.00000 0.00000 0.00000 0.00000 0.00000 0.00000  0.00000 0.785000stis_ngsl_v2/h_stis_ngsl_hd110885_v2.fits
215 7.33340 7.33340 6.11740 5.66860 5.37700 7.14190 6.10800 5.65840 5.41340 5.26840 h_stis_ngsl_hd111464_v2.fits -0.600000 0.0700000stis_ngsl_v2/h_stis_ngsl_hd111464_v2.fits
216 8.41920 8.41920 7.91640 7.76680 7.70900 8.33420 7.91420 7.76380 7.71350 7.68970 h_stis_ngsl_hd111515_v2.fits -0.300000 0.360000stis_ngsl_v2/h_stis_ngsl_hd111515_v2.fits
217 0.00000 0.00000 0.00000 0.00000 0.00000 0.00000 0.00000 0.00000 0.00000 0.00000  0.00000 0.815000stis_ngsl_v2/h_stis_ngsl_hd111721_v2.fits
218 6.15520 6.15520 6.12780 6.17370 6.24930 6.13810 6.12710 6.17570 6.24100 6.27620 h_stis_ngsl_hd111786_v2.fits -1.30000 0.465000stis_ngsl_v2/h_stis_ngsl_hd111786_v2.fits
219 2.72120 2.72120 3.04080 3.30160 3.50720 2.75030 3.04350 3.30870 3.48560 3.57960 h_stis_ngsl_hd112413_v2.fits 0.500000 0.355000stis_ngsl_v2/h_stis_ngsl_hd112413_v2.fits
220 9.07750 9.07750 8.50370 8.30790 8.21040 8.98670 8.50090 8.30390 8.22130 8.17410 h_stis_ngsl_hd113002_v2.fits -0.600000 0.255000stis_ngsl_v2/h_stis_ngsl_hd113002_v2.fits
221 6.03470 6.03470 4.94880 4.55680 4.31140 5.86130 4.94110 4.54810 4.34330 4.21500 h_stis_ngsl_hd113092_v2.fits -0.600000 0.350000stis_ngsl_v2/h_stis_ngsl_hd113092_v2.fits
222 0.00000 0.00000 0.00000 0.00000 0.00000 0.00000 0.00000 0.00000 0.00000 0.00000  0.00000 0.700000stis_ngsl_v2/h_stis_ngsl_hd114330_v2.fits
223 4.47200 4.47200 4.08040 3.99180 3.99180 4.40540 4.07970 3.99030 3.98920 3.99770 h_stis_ngsl_hd114710_v2.fits 0.200000 0.555000stis_ngsl_v2/h_stis_ngsl_hd114710_v2.fits
224 5.05280 5.05280 4.51650 4.38080 4.34850 4.96580 4.51580 4.37810 4.34880 4.34420 h_stis_ngsl_hd115617_v2.fits 0.00000 0.560000stis_ngsl_v2/h_stis_ngsl_hd115617_v2.fits
225 0.00000 0.00000 0.00000 0.00000 0.00000 0.00000 0.00000 0.00000 0.00000 0.00000  0.00000 0.905000stis_ngsl_v2/h_stis_ngsl_hd117880_v2.fits
226 0.00000 0.00000 0.00000 0.00000 0.00000 0.00000 0.00000 0.00000 0.00000 0.00000  0.00000 0.610000stis_ngsl_v2/h_stis_ngsl_hd118055_v2.fits
227 0.00000 0.00000 0.00000 0.00000 0.00000 0.00000 0.00000 0.00000 0.00000 0.00000  0.00000 0.705000stis_ngsl_v2/h_stis_ngsl_hd119971_v2.fits
228 6.98380 6.98380 5.98470 5.66170 5.47270 6.82390 5.97950 5.65480 5.49550 5.40500 h_stis_ngsl_hd121146_v2.fits -0.100000 0.350000stis_ngsl_v2/h_stis_ngsl_hd121146_v2.fits
229 0.00000 0.00000 0.00000 0.00000 0.00000 0.00000 0.00000 0.00000 0.00000 0.00000  0.00000 0.720000stis_ngsl_v2/h_stis_ngsl_hd122064_v2.fits
230 0.00000 0.00000 0.00000 0.00000 0.00000 0.00000 0.00000 0.00000 0.00000 0.00000  0.00000 0.800000stis_ngsl_v2/h_stis_ngsl_hd122956_v2.fits
231 5.93500 5.93500 4.54400 3.08500 2.33300 5.69960 4.51140 3.04730 2.40580 2.10140 h_stis_ngsl_hd123657_v2.fits 9.90000 0.235000stis_ngsl_v2/h_stis_ngsl_hd123657_v2.fits
232 6.78230 6.78230 5.73800 5.42810 5.23340 6.61210 5.73260 5.42130 5.25490 5.17490 h_stis_ngsl_hd124186_v2.fits 0.200000 0.210000stis_ngsl_v2/h_stis_ngsl_hd124186_v2.fits
233 6.06920 6.06920 5.78050 5.72840 5.75780 6.01730 5.77960 5.72790 5.75200 5.77400 h_stis_ngsl_hd124425_v2.fits -0.00000 0.410000stis_ngsl_v2/h_stis_ngsl_hd124425_v2.fits
234 0.00000 0.00000 0.00000 0.00000 0.00000 0.00000 0.00000 0.00000 0.00000 0.00000  0.00000 0.895000stis_ngsl_v2/h_stis_ngsl_hd124547_v2.fits
235 0.00000 0.00000 0.00000 0.00000 0.00000 0.00000 0.00000 0.00000 0.00000 0.00000  0.00000 0.720000stis_ngsl_v2/h_stis_ngsl_hd126327_v2.fits
236 8.70290 8.70290 8.13490 7.98900 7.94870 8.60920 8.13380 7.98630 7.95090 7.94080 h_stis_ngsl_hd126511_v2.fits 0.200000 0.405000stis_ngsl_v2/h_stis_ngsl_hd126511_v2.fits
237 9.17150 9.17150 8.56200 8.42970 8.38380 9.06860 8.56160 8.42710 8.38770 8.37090 h_stis_ngsl_hd126614_v2.fits 0.500000 0.345000stis_ngsl_v2/h_stis_ngsl_hd126614_v2.fits
238 5.39460 5.39460 5.40040 5.51500 5.60740 5.37530 5.40070 5.51860 5.60260 5.61860 h_stis_ngsl_hd126661_v2.fits 0.400000 0.415000stis_ngsl_v2/h_stis_ngsl_hd126661_v2.fits
239 0.00000 0.00000 0.00000 0.00000 0.00000 0.00000 0.00000 0.00000 0.00000 0.00000  0.00000 0.830000stis_ngsl_v2/h_stis_ngsl_hd128000_v2.fits
240 0.00000 0.00000 0.00000 0.00000 0.00000 0.00000 0.00000 0.00000 0.00000 0.00000  0.00000 0.635000stis_ngsl_v2/h_stis_ngsl_hd128279_v2.fits
241 8.62540 8.62540 8.87510 9.10510 9.26350 8.64280 8.87670 9.11150 9.24820 9.31330 h_stis_ngsl_hd128801_v2.fits -1.90000 0.580000stis_ngsl_v2/h_stis_ngsl_hd128801_v2.fits
242 0.00000 0.00000 0.00000 0.00000 0.00000 0.00000 0.00000 0.00000 0.00000 0.00000  0.00000 0.930000stis_ngsl_v2/h_stis_ngsl_hd128987_v2.fits
243 0.00000 0.00000 0.00000 0.00000 0.00000 0.00000 0.00000 0.00000 0.00000 0.00000  0.00000 0.805000stis_ngsl_v2/h_stis_ngsl_hd131873_v2.fits
244 6.50870 6.50870 5.47990 5.17720 4.97430 6.33920 5.47400 5.17050 4.99670 4.91590 h_stis_ngsl_hd132345_v2.fits 0.200000 0.220000stis_ngsl_v2/h_stis_ngsl_hd132345_v2.fits
245 8.79370 8.79370 8.39900 8.26000 8.21410 8.73380 8.39680 8.25760 8.21430 8.21120 h_stis_ngsl_hd132475_v2.fits -1.60000 0.510000stis_ngsl_v2/h_stis_ngsl_hd132475_v2.fits
246 8.50670 8.50670 8.09860 7.98230 7.94320 8.44020 8.09740 7.98010 7.94090 7.93680 h_stis_ngsl_hd134113_v2.fits -0.600000 0.395000stis_ngsl_v2/h_stis_ngsl_hd134113_v2.fits
247 0.00000 0.00000 0.00000 0.00000 0.00000 0.00000 0.00000 0.00000 0.00000 0.00000  0.00000 1.11000stis_ngsl_v2/h_stis_ngsl_hd134439_v2.fits
248 9.85930 9.85930 9.13510 8.89330 8.77790 9.75090 9.13240 8.88830 8.78540 8.74930 h_stis_ngsl_hd134440_v2.fits -1.10000 0.570000stis_ngsl_v2/h_stis_ngsl_hd134440_v2.fits
249 0.00000 0.00000 0.00000 0.00000 0.00000 0.00000 0.00000 0.00000 0.00000 0.00000  0.00000 0.715000stis_ngsl_v2/h_stis_ngsl_hd136726_v2.fits
250 0.00000 0.00000 0.00000 0.00000 0.00000 0.00000 0.00000 0.00000 0.00000 0.00000  0.00000 1.13000stis_ngsl_v2/h_stis_ngsl_hd137759_v2.fits
251 3.82270 3.82270 3.81380 3.96630 4.10100 3.80110 3.81600 3.97060 4.09060 4.13180 h_stis_ngsl_hd137909_v2.fits 0.00000 0.155000stis_ngsl_v2/h_stis_ngsl_hd137909_v2.fits
252 0.00000 0.00000 0.00000 0.00000 0.00000 0.00000 0.00000 0.00000 0.00000 0.00000  0.00000 0.925000stis_ngsl_v2/h_stis_ngsl_hd138716_v2.fits
253 4.07510 4.07510 4.42840 4.70200 4.92430 4.10690 4.43010 4.70950 4.89510 5.02650 h_stis_ngsl_hd138749_v2.fits -0.600000 0.545000stis_ngsl_v2/h_stis_ngsl_hd138749_v2.fits
254 5.80730 5.80730 5.82710 5.92930 6.04110 5.79400 5.82710 5.93270 6.03160 6.07150 h_stis_ngsl_hd140232_v2.fits 0.500000 0.355000stis_ngsl_v2/h_stis_ngsl_hd140232_v2.fits
255 0.00000 0.00000 0.00000 0.00000 0.00000 0.00000 0.00000 0.00000 0.00000 0.00000  0.00000 0.725000stis_ngsl_v2/h_stis_ngsl_hd141795_v2.fits
256 5.06680 5.06680 5.16050 5.30090 5.43530 5.06240 5.16080 5.30530 5.42160 5.47940 h_stis_ngsl_hd141851_v2.fits -0.200000 0.535000stis_ngsl_v2/h_stis_ngsl_hd141851_v2.fits
257 0.00000 0.00000 0.00000 0.00000 0.00000 0.00000 0.00000 0.00000 0.00000 0.00000  0.00000 0.690000stis_ngsl_v2/h_stis_ngsl_hd142091_v2.fits
258 6.14030 6.14030 6.08490 6.12950 6.19710 6.11950 6.08450 6.13140 6.18920 6.22260 h_stis_ngsl_hd142703_v2.fits -1.40000 0.110000stis_ngsl_v2/h_stis_ngsl_hd142703_v2.fits
259 0.00000 0.00000 0.00000 0.00000 0.00000 0.00000 0.00000 0.00000 0.00000 0.00000  0.00000 0.00000stis_ngsl_v2/h_stis_ngsl_hd142860_v2.fits
260 0.00000 0.00000 0.00000 0.00000 0.00000 0.00000 0.00000 0.00000 0.00000 0.00000  0.00000 0.730000stis_ngsl_v2/h_stis_ngsl_hd142926_v2.fits
261 0.00000 0.00000 0.00000 0.00000 0.00000 0.00000 0.00000 0.00000 0.00000 0.00000  0.00000 0.910000stis_ngsl_v2/h_stis_ngsl_hd143107_v2.fits
262 5.45070 5.45070 5.64770 5.81140 5.90500 5.46090 5.64740 5.81620 5.89910 5.92210 h_stis_ngsl_hd143459_v2.fits -0.600000 0.0900000stis_ngsl_v2/h_stis_ngsl_hd143459_v2.fits
263 0.00000 0.00000 0.00000 0.00000 0.00000 0.00000 0.00000 0.00000 0.00000 0.00000  0.00000 0.00000stis_ngsl_v2/h_stis_ngsl_hd145328_v2.fits
264 0.00000 0.00000 0.00000 0.00000 0.00000 0.00000 0.00000 0.00000 0.00000 0.00000  0.00000 0.740000stis_ngsl_v2/h_stis_ngsl_hd146051_v2.fits
265 0.00000 0.00000 0.00000 0.00000 0.00000 0.00000 0.00000 0.00000 0.00000 0.00000  0.00000 0.905000stis_ngsl_v2/h_stis_ngsl_hd146233_v2.fits
266 3.64550 3.64550 4.03270 4.32990 4.56060 3.67840 4.03440 4.33780 4.53260 4.65570 h_stis_ngsl_hd147394_v2.fits 9.90000 0.0800000stis_ngsl_v2/h_stis_ngsl_hd147394_v2.fits
267 0.00000 0.00000 0.00000 0.00000 0.00000 0.00000 0.00000 0.00000 0.00000 0.00000  0.00000 0.00000stis_ngsl_v2/h_stis_ngsl_hd147550_v2.fits
268 5.80620 5.80620 4.91640 4.65580 4.50280 5.65970 4.91210 4.65030 4.51990 4.45660 h_stis_ngsl_hd148293_v2.fits 0.00000 0.310000stis_ngsl_v2/h_stis_ngsl_hd148293_v2.fits
269 6.16390 6.16390 4.89610 4.44650 4.15230 5.95890 4.88630 4.43600 4.18850 4.04890 h_stis_ngsl_hd148513_v2.fits -0.300000 0.250000stis_ngsl_v2/h_stis_ngsl_hd148513_v2.fits
270 0.00000 0.00000 0.00000 0.00000 0.00000 0.00000 0.00000 0.00000 0.00000 0.00000  0.00000 0.620000stis_ngsl_v2/h_stis_ngsl_hd149161_v2.fits
271 8.64960 8.64960 9.15650 9.51900 9.84570 8.69960 9.15860 9.52860 9.79930 10.0148 h_stis_ngsl_hd149382_v2.fits 9.90000 0.0250000stis_ngsl_v2/h_stis_ngsl_hd149382_v2.fits
272 2.94920 2.94920 3.29440 3.57020 3.76570 2.97830 3.29620 3.57760 3.74340 3.84280 h_stis_ngsl_hd155763_v2.fits 9.90000 0.130000stis_ngsl_v2/h_stis_ngsl_hd155763_v2.fits
273 3.88650 3.88650 2.69180 2.28770 2.03640 3.69230 2.68290 2.27860 2.06570 1.95220 h_stis_ngsl_hd156283_v2.fits -0.100000 0.155000stis_ngsl_v2/h_stis_ngsl_hd156283_v2.fits
274 3.59240 3.59240 2.36950 1.99120 1.74760 3.39350 2.35960 1.98350 1.77490 1.67810 h_stis_ngsl_hd157244_v2.fits -0.100000 0.385000stis_ngsl_v2/h_stis_ngsl_hd157244_v2.fits
275 3.23090 3.23090 2.50180 2.27730 2.17510 3.11160 2.49830 2.27260 2.18490 2.14170 h_stis_ngsl_hd159181_v2.fits -0.600000 0.320000stis_ngsl_v2/h_stis_ngsl_hd159181_v2.fits
276 6.99400 6.99400 6.17460 5.91060 5.77300 6.86740 6.17250 5.90440 5.78710 5.72570 h_stis_ngsl_hd160346_v2.fits 0.100000 0.475000stis_ngsl_v2/h_stis_ngsl_hd160346_v2.fits
277 0.00000 0.00000 0.00000 0.00000 0.00000 0.00000 0.00000 0.00000 0.00000 0.00000  0.00000 0.675000stis_ngsl_v2/h_stis_ngsl_hd160762_v2.fits
278 4.91050 4.91050 4.66730 4.64130 4.67400 4.86320 4.66680 4.64140 4.66810 4.69180 h_stis_ngsl_hd160922_v2.fits 0.00000 0.150000stis_ngsl_v2/h_stis_ngsl_hd160922_v2.fits
279 0.00000 0.00000 0.00000 0.00000 0.00000 0.00000 0.00000 0.00000 0.00000 0.00000  0.00000 0.700000stis_ngsl_v2/h_stis_ngsl_hd161770_v2.fits
280 7.10560 7.10560 6.65020 6.48810 6.40470 7.03910 6.64710 6.48470 6.41350 6.37790 h_stis_ngsl_hd163346_v2.fits -0.600000 0.440000stis_ngsl_v2/h_stis_ngsl_hd163346_v2.fits
281 6.14190 6.14190 6.35520 6.55800 6.69700 6.15500 6.35610 6.56370 6.68390 6.73840 h_stis_ngsl_hd163641_v2.fits -0.100000 0.0500000stis_ngsl_v2/h_stis_ngsl_hd163641_v2.fits
282 0.00000 0.00000 0.00000 0.00000 0.00000 0.00000 0.00000 0.00000 0.00000 0.00000  0.00000 0.885000stis_ngsl_v2/h_stis_ngsl_hd163810_v2.fits
283 3.05160 3.05160 1.74070 1.20380 0.892900 2.83850 1.72880 1.19060 0.928600 0.784200 h_stis_ngsl_hd164058_v2.fits -0.400000 0.410000stis_ngsl_v2/h_stis_ngsl_hd164058_v2.fits
284 6.70820 6.70820 6.82250 6.97310 7.05200 6.70970 6.82320 6.97740 7.04780 7.06250 h_stis_ngsl_hd164257_v2.fits -0.100000 0.360000stis_ngsl_v2/h_stis_ngsl_hd164257_v2.fits
285 3.87500 3.87500 4.03330 4.20790 4.34210 3.88670 4.03470 4.21290 4.32250 4.41090 h_stis_ngsl_hd164353_v2.fits 9.90000 0.120000stis_ngsl_v2/h_stis_ngsl_hd164353_v2.fits
286 0.00000 0.00000 0.00000 0.00000 0.00000 0.00000 0.00000 0.00000 0.00000 0.00000  0.00000 0.800000stis_ngsl_v2/h_stis_ngsl_hd164402_v2.fits
287 7.15330 7.15330 7.25350 7.38480 7.49190 7.14950 7.25310 7.38890 7.48640 7.50700 h_stis_ngsl_hd164967_v2.fits -0.600000 0.370000stis_ngsl_v2/h_stis_ngsl_hd164967_v2.fits
288 0.00000 0.00000 0.00000 0.00000 0.00000 0.00000 0.00000 0.00000 0.00000 0.00000  0.00000 0.00000stis_ngsl_v2/h_stis_ngsl_hd165195_v2.fits
289 0.00000 0.00000 0.00000 0.00000 0.00000 0.00000 0.00000 0.00000 0.00000 0.00000  0.00000 0.705000stis_ngsl_v2/h_stis_ngsl_hd165341_v2.fits
290 5.42030 5.42030 4.70870 4.49440 4.38590 5.30440 4.70570 4.48990 4.39710 4.35090 h_stis_ngsl_hd166208_v2.fits 0.00000 0.0150000stis_ngsl_v2/h_stis_ngsl_hd166208_v2.fits
291 6.05710 6.05710 5.13760 4.86350 4.69390 5.90590 5.13310 4.85750 4.71170 4.64410 h_stis_ngsl_hd166229_v2.fits 0.100000 0.140000stis_ngsl_v2/h_stis_ngsl_hd166229_v2.fits
292 0.00000 0.00000 0.00000 0.00000 0.00000 0.00000 0.00000 0.00000 0.00000 0.00000  0.00000 0.680000stis_ngsl_v2/h_stis_ngsl_hd166283_v2.fits
293 6.75620 6.75620 6.88670 7.04240 7.17720 6.75380 6.88630 7.04720 7.16790 7.20450 h_stis_ngsl_hd166991_v2.fits -0.300000 0.445000stis_ngsl_v2/h_stis_ngsl_hd166991_v2.fits
294 0.00000 0.00000 0.00000 0.00000 0.00000 0.00000 0.00000 0.00000 0.00000 0.00000  0.00000 0.660000stis_ngsl_v2/h_stis_ngsl_hd167006_v2.fits
295 0.00000 0.00000 0.00000 0.00000 0.00000 0.00000 0.00000 0.00000 0.00000 0.00000  0.00000 0.935000stis_ngsl_v2/h_stis_ngsl_hd167105_v2.fits
296 0.00000 0.00000 0.00000 0.00000 0.00000 0.00000 0.00000 0.00000 0.00000 0.00000  0.00000 0.855000stis_ngsl_v2/h_stis_ngsl_hd167278_v2.fits
297 0.00000 0.00000 0.00000 0.00000 0.00000 0.00000 0.00000 0.00000 0.00000 0.00000  0.00000 0.630000stis_ngsl_v2/h_stis_ngsl_hd167946_v2.fits
298 0.00000 0.00000 0.00000 0.00000 0.00000 0.00000 0.00000 0.00000 0.00000 0.00000  0.00000 0.825000stis_ngsl_v2/h_stis_ngsl_hd169191_v2.fits
299 8.50550 8.50550 7.86470 7.63590 7.52510 8.40540 7.86150 7.63110 7.53740 7.48310 h_stis_ngsl_hd170737_v2.fits -0.900000 0.485000stis_ngsl_v2/h_stis_ngsl_hd170737_v2.fits
300 0.00000 0.00000 0.00000 0.00000 0.00000 0.00000 0.00000 0.00000 0.00000 0.00000  0.00000 0.00000stis_ngsl_v2/h_stis_ngsl_hd170756_v2.fits
301 6.27650 6.27650 6.49780 6.72900 6.90010 6.29390 6.49990 6.73560 6.88380 6.95600 h_stis_ngsl_hd170973_v2.fits 0.500000 0.450000stis_ngsl_v2/h_stis_ngsl_hd170973_v2.fits
302 7.20230 7.20230 7.17270 7.25820 7.32650 7.17930 7.17230 7.26110 7.32440 7.33090 h_stis_ngsl_hd172230_v2.fits 0.500000 0.0300000stis_ngsl_v2/h_stis_ngsl_hd172230_v2.fits
303 0.00000 0.00000 0.00000 0.00000 0.00000 0.00000 0.00000 0.00000 0.00000 0.00000  0.00000 0.955000stis_ngsl_v2/h_stis_ngsl_hd172506_v2.fits
304 8.77820 8.77820 7.36220 6.81890 6.44540 8.56280 7.34890 6.80610 6.49520 6.29970 h_stis_ngsl_hd173158_v2.fits -1.30000 0.405000stis_ngsl_v2/h_stis_ngsl_hd173158_v2.fits
305 6.71480 6.71480 5.45890 4.74390 4.30410 6.50550 5.44530 4.72500 4.34360 4.19620 h_stis_ngsl_hd173819_v2.fits -0.600000 0.170000stis_ngsl_v2/h_stis_ngsl_hd173819_v2.fits
306 6.11760 6.11760 6.31980 6.50960 6.63370 6.12620 6.31990 6.51510 6.62620 6.65630 h_stis_ngsl_hd174240_v2.fits -0.200000 0.280000stis_ngsl_v2/h_stis_ngsl_hd174240_v2.fits
307 0.00000 0.00000 0.00000 0.00000 0.00000 0.00000 0.00000 0.00000 0.00000 0.00000  0.00000 0.630000stis_ngsl_v2/h_stis_ngsl_hd174959_v2.fits
308 0.00000 0.00000 0.00000 0.00000 0.00000 0.00000 0.00000 0.00000 0.00000 0.00000  0.00000 0.820000stis_ngsl_v2/h_stis_ngsl_hd174966_v2.fits
309 5.09150 5.09150 5.08530 5.15710 5.22120 5.08130 5.08510 5.15990 5.20960 5.26390 h_stis_ngsl_hd175156_v2.fits 9.90000 0.600000stis_ngsl_v2/h_stis_ngsl_hd175156_v2.fits
310 0.00000 0.00000 0.00000 0.00000 0.00000 0.00000 0.00000 0.00000 0.00000 0.00000  0.00000 1.00500stis_ngsl_v2/h_stis_ngsl_hd175305_v2.fits
311 7.99520 7.99520 7.00400 6.68910 6.49940 7.83630 6.99890 6.68210 6.52220 6.43050 h_stis_ngsl_hd175545_v2.fits 0.00000 0.160000stis_ngsl_v2/h_stis_ngsl_hd175545_v2.fits
312 0.00000 0.00000 0.00000 0.00000 0.00000 0.00000 0.00000 0.00000 0.00000 0.00000  0.00000 0.635000stis_ngsl_v2/h_stis_ngsl_hd175640_v2.fits
313 0.00000 0.00000 0.00000 0.00000 0.00000 0.00000 0.00000 0.00000 0.00000 0.00000  0.00000 0.00000stis_ngsl_v2/h_stis_ngsl_hd175674_v2.fits
314 0.00000 0.00000 0.00000 0.00000 0.00000 0.00000 0.00000 0.00000 0.00000 0.00000  0.00000 0.825000stis_ngsl_v2/h_stis_ngsl_hd175805_v2.fits
315 0.00000 0.00000 0.00000 0.00000 0.00000 0.00000 0.00000 0.00000 0.00000 0.00000  0.00000 0.765000stis_ngsl_v2/h_stis_ngsl_hd175865_v2.fits
316 0.00000 0.00000 0.00000 0.00000 0.00000 0.00000 0.00000 0.00000 0.00000 0.00000  0.00000 0.970000stis_ngsl_v2/h_stis_ngsl_hd176232_v2.fits
317 3.08980 3.08980 3.35410 3.56700 3.66860 3.11030 3.35510 3.57290 3.65830 3.71060 h_stis_ngsl_hd176437_v2.fits 9.90000 0.265000stis_ngsl_v2/h_stis_ngsl_hd176437_v2.fits
318 0.00000 0.00000 0.00000 0.00000 0.00000 0.00000 0.00000 0.00000 0.00000 0.00000  0.00000 0.00000stis_ngsl_v2/h_stis_ngsl_hd181720_v2.fits
319 0.00000 0.00000 0.00000 0.00000 0.00000 0.00000 0.00000 0.00000 0.00000 0.00000  0.00000 0.960000stis_ngsl_v2/h_stis_ngsl_hd183324_v2.fits
320 7.98220 7.98220 6.91310 6.57970 6.36470 7.80660 6.90710 6.57290 6.38830 6.30400 h_stis_ngsl_hd183915_v2.fits -0.400000 0.500000stis_ngsl_v2/h_stis_ngsl_hd183915_v2.fits
321 0.00000 0.00000 0.00000 0.00000 0.00000 0.00000 0.00000 0.00000 0.00000 0.00000  0.00000 0.875000stis_ngsl_v2/h_stis_ngsl_hd184266_v2.fits
322 5.03980 5.03980 4.41330 4.23330 4.17240 4.94070 4.41160 4.22990 4.17790 4.15190 h_stis_ngsl_hd185144_v2.fits -0.100000 0.440000stis_ngsl_v2/h_stis_ngsl_hd185144_v2.fits
323 0.00000 0.00000 0.00000 0.00000 0.00000 0.00000 0.00000 0.00000 0.00000 0.00000  0.00000 0.730000stis_ngsl_v2/h_stis_ngsl_hd185351_v2.fits
324 0.00000 0.00000 0.00000 0.00000 0.00000 0.00000 0.00000 0.00000 0.00000 0.00000  0.00000 0.805000stis_ngsl_v2/h_stis_ngsl_hd187111_v2.fits
325 5.52360 5.52360 5.78310 6.01030 6.20120 5.54350 5.78410 6.01630 6.17450 6.29250 h_stis_ngsl_hd187879_v2.fits 9.90000 0.375000stis_ngsl_v2/h_stis_ngsl_hd187879_v2.fits
326 0.00000 0.00000 0.00000 0.00000 0.00000 0.00000 0.00000 0.00000 0.00000 0.00000  0.00000 0.880000stis_ngsl_v2/h_stis_ngsl_hd188262_v2.fits
327 0.00000 0.00000 0.00000 0.00000 0.00000 0.00000 0.00000 0.00000 0.00000 0.00000  0.00000 0.610000stis_ngsl_v2/h_stis_ngsl_hd190073_v2.fits
328 0.00000 0.00000 0.00000 0.00000 0.00000 0.00000 0.00000 0.00000 0.00000 0.00000  0.00000 0.740000stis_ngsl_v2/h_stis_ngsl_hd190360_v2.fits
329 0.00000 0.00000 0.00000 0.00000 0.00000 0.00000 0.00000 0.00000 0.00000 0.00000  0.00000 0.770000stis_ngsl_v2/h_stis_ngsl_hd190404_v2.fits
330 5.78220 5.78220 5.11130 4.92720 4.84400 5.67290 5.10950 4.92340 4.85340 4.81470 h_stis_ngsl_hd191026_v2.fits 0.100000 0.335000stis_ngsl_v2/h_stis_ngsl_hd191026_v2.fits
331 6.00710 6.00710 5.01570 4.71290 4.53210 5.84690 5.01080 4.70640 4.55220 4.47450 h_stis_ngsl_hd191277_v2.fits 0.100000 0.0500000stis_ngsl_v2/h_stis_ngsl_hd191277_v2.fits
332 6.66640 6.66640 6.79050 6.93320 7.03170 6.66520 6.79040 6.93760 7.02560 7.04980 h_stis_ngsl_hd193281_v2.fits -0.600000 0.215000stis_ngsl_v2/h_stis_ngsl_hd193281_v2.fits
333 3.46150 3.46150 2.83160 2.61950 2.49730 3.36440 2.82760 2.61510 2.51020 2.46170 h_stis_ngsl_hd193495_v2.fits 9.90000 0.480000stis_ngsl_v2/h_stis_ngsl_hd193495_v2.fits
334 2.48630 2.48630 2.06120 1.96830 1.92830 2.41000 2.05930 1.96670 1.93390 1.90730 h_stis_ngsl_hd194093_v2.fits 9.90000 0.195000stis_ngsl_v2/h_stis_ngsl_hd194093_v2.fits
335 6.61230 6.61230 6.87140 7.09230 7.23880 6.62900 6.87200 7.09850 7.22620 7.27860 h_stis_ngsl_hd194453_v2.fits 0.00000 0.00000stis_ngsl_v2/h_stis_ngsl_hd194453_v2.fits
336 9.75660 9.75660 8.98700 8.70680 8.54840 9.64140 8.98490 8.70000 8.56630 8.48940 h_stis_ngsl_hd195434_v2.fits -0.500000 0.145000stis_ngsl_v2/h_stis_ngsl_hd195434_v2.fits
337 7.61640 7.61640 7.30320 7.22470 7.23880 7.55970 7.30170 7.22360 7.23370 7.25390 h_stis_ngsl_hd196218_v2.fits 0.00000 0.455000stis_ngsl_v2/h_stis_ngsl_hd196218_v2.fits
338 6.02490 6.02490 6.34900 6.60140 6.78630 6.05120 6.35000 6.60820 6.76620 6.85360 h_stis_ngsl_hd196426_v2.fits -0.500000 0.210000stis_ngsl_v2/h_stis_ngsl_hd196426_v2.fits
339 0.00000 0.00000 0.00000 0.00000 0.00000 0.00000 0.00000 0.00000 0.00000 0.00000  0.00000 0.780000stis_ngsl_v2/h_stis_ngsl_hd196662_v2.fits
340 6.51010 6.51010 5.20870 4.76300 4.48600 6.30260 5.19830 4.75320 4.52080 4.38780 h_stis_ngsl_hd196725_v2.fits -0.600000 0.435000stis_ngsl_v2/h_stis_ngsl_hd196725_v2.fits
341 0.00000 0.00000 0.00000 0.00000 0.00000 0.00000 0.00000 0.00000 0.00000 0.00000  0.00000 0.00000stis_ngsl_v2/h_stis_ngsl_hd196892_v2.fits
342 6.15630 6.15630 5.34440 5.10300 4.97600 6.02420 5.34080 5.09800 4.98900 4.93950 h_stis_ngsl_hd197177_v2.fits -0.400000 0.545000stis_ngsl_v2/h_stis_ngsl_hd197177_v2.fits
343 4.93790 4.93790 4.30500 4.12670 4.05640 4.83370 4.30300 4.12330 4.06110 4.04120 h_stis_ngsl_hd198809_v2.fits -0.00000 0.560000stis_ngsl_v2/h_stis_ngsl_hd198809_v2.fits
344 8.32480 8.32480 7.71180 7.52220 7.43330 8.22690 7.70920 7.51830 7.44250 7.40470 h_stis_ngsl_hd200081_v2.fits -0.500000 0.560000stis_ngsl_v2/h_stis_ngsl_hd200081_v2.fits
345 4.56920 4.56920 3.15750 2.58140 2.25160 4.34090 3.14250 2.56790 2.28750 2.14770 h_stis_ngsl_hd200905_v2.fits -0.600000 0.550000stis_ngsl_v2/h_stis_ngsl_hd200905_v2.fits
346 5.87380 5.87380 4.76850 4.39160 4.17860 5.71010 4.76700 4.38230 4.20400 4.09590 h_stis_ngsl_hd201091_v2.fits -0.100000 0.235000stis_ngsl_v2/h_stis_ngsl_hd201091_v2.fits
347 6.65060 6.65060 6.71540 6.83370 6.95300 6.64100 6.71500 6.83760 6.94230 6.98640 h_stis_ngsl_hd201377_v2.fits 0.00000 0.530000stis_ngsl_v2/h_stis_ngsl_hd201377_v2.fits
348 0.00000 0.00000 0.00000 0.00000 0.00000 0.00000 0.00000 0.00000 0.00000 0.00000  0.00000 0.645000stis_ngsl_v2/h_stis_ngsl_hd201601_v2.fits
349 5.93150 5.93150 4.99750 4.72720 4.56100 5.77690 4.99260 4.72160 4.58000 4.50920 h_stis_ngsl_hd203638_v2.fits -0.100000 0.470000stis_ngsl_v2/h_stis_ngsl_hd203638_v2.fits
350 6.40960 6.40960 6.48350 6.60270 6.70860 6.40150 6.48350 6.60630 6.70030 6.73400 h_stis_ngsl_hd204041_v2.fits -0.600000 0.105000stis_ngsl_v2/h_stis_ngsl_hd204041_v2.fits
351 8.72490 8.72490 8.33850 8.22790 8.19950 8.65930 8.33690 8.22580 8.20070 8.19130 h_stis_ngsl_hd204155_v2.fits -0.600000 0.165000stis_ngsl_v2/h_stis_ngsl_hd204155_v2.fits
352 0.00000 0.00000 0.00000 0.00000 0.00000 0.00000 0.00000 0.00000 0.00000 0.00000  0.00000 0.880000stis_ngsl_v2/h_stis_ngsl_hd204543_v2.fits
353 0.00000 0.00000 0.00000 0.00000 0.00000 0.00000 0.00000 0.00000 0.00000 0.00000  0.00000 0.705000stis_ngsl_v2/h_stis_ngsl_hd204867_v2.fits
354 8.23950 8.23950 8.01150 7.97000 7.98510 8.19810 8.01070 7.96970 7.98180 7.99550 h_stis_ngsl_hd205202_v2.fits -0.600000 0.275000stis_ngsl_v2/h_stis_ngsl_hd205202_v2.fits
355 6.05680 6.05680 6.28690 6.49230 6.65160 6.06570 6.28680 6.49820 6.63960 6.68780 h_stis_ngsl_hd205811_v2.fits -0.100000 0.0100000stis_ngsl_v2/h_stis_ngsl_hd205811_v2.fits
356 0.00000 0.00000 0.00000 0.00000 0.00000 0.00000 0.00000 0.00000 0.00000 0.00000  0.00000 0.760000stis_ngsl_v2/h_stis_ngsl_hd206778_v2.fits
357 4.16960 4.16960 2.85630 2.44170 2.17800 3.95760 2.84530 2.43310 2.20690 2.10410 h_stis_ngsl_hd210745_v2.fits -0.600000 0.595000stis_ngsl_v2/h_stis_ngsl_hd210745_v2.fits
358 0.00000 0.00000 0.00000 0.00000 0.00000 0.00000 0.00000 0.00000 0.00000 0.00000  0.00000 0.795000stis_ngsl_v2/h_stis_ngsl_hd210807_v2.fits
359 9.64620 9.64620 8.17410 7.36320 6.90260 9.40510 8.15710 7.34130 6.95340 6.74780 h_stis_ngsl_hd212516_v2.fits -0.500000 0.410000stis_ngsl_v2/h_stis_ngsl_hd212516_v2.fits
360 4.48570 4.48570 4.58750 4.74760 4.82290 4.48610 4.58860 4.75230 4.81340 4.86070 h_stis_ngsl_hd212593_v2.fits 9.90000 0.600000stis_ngsl_v2/h_stis_ngsl_hd212593_v2.fits
361 4.48890 4.48890 3.65900 3.41740 3.28610 4.35180 3.65530 3.41250 3.29800 3.25540 h_stis_ngsl_hd215665_v2.fits -0.200000 0.470000stis_ngsl_v2/h_stis_ngsl_hd215665_v2.fits
362 6.49570 6.49570 5.95790 5.83300 5.79160 6.40470 5.95740 5.83060 5.79450 5.78100 h_stis_ngsl_hd217107_v2.fits 0.400000 0.0800000stis_ngsl_v2/h_stis_ngsl_hd217107_v2.fits
363 8.67410 8.67410 7.30730 6.75590 6.46150 8.47590 7.30890 6.74120 6.49150 6.36370 h_stis_ngsl_hd217357_v2.fits -0.300000 0.545000stis_ngsl_v2/h_stis_ngsl_hd217357_v2.fits
364 7.68680 7.68680 7.45140 7.41680 7.43080 7.64190 7.45070 7.41670 7.42880 7.43520 h_stis_ngsl_hd221377_v2.fits -0.600000 0.580000stis_ngsl_v2/h_stis_ngsl_hd221377_v2.fits
365 3.71190 3.71190 2.88980 2.64920 2.51230 3.57670 2.88650 2.64410 2.52710 2.47060 h_stis_ngsl_hd222404_v2.fits 0.100000 0.230000stis_ngsl_v2/h_stis_ngsl_hd222404_v2.fits
366 6.23580 6.23580 6.48610 6.72250 6.92070 6.25810 6.48890 6.72920 6.89770 6.99850 h_stis_ngsl_hd224801_v2.fits 0.500000 0.320000stis_ngsl_v2/h_stis_ngsl_hd224801_v2.fits
367 4.91660 4.91660 5.25400 5.52990 5.76160 4.94640 5.25610 5.53750 5.73210 5.86280 h_stis_ngsl_hd224926_v2.fits -0.500000 0.580000stis_ngsl_v2/h_stis_ngsl_hd224926_v2.fits
368 0.00000 0.00000 0.00000 0.00000 0.00000 0.00000 0.00000 0.00000 0.00000 0.00000  0.00000 0.880000stis_ngsl_v2/h_stis_ngsl_hd232078_v2.fits
369 0.00000 0.00000 0.00000 0.00000 0.00000 0.00000 0.00000 0.00000 0.00000 0.00000  0.00000 0.810000stis_ngsl_v2/h_stis_ngsl_hd284248_v2.fits
370 9.11360 9.11360 8.74800 8.62170 8.60500 9.05720 8.74630 8.61940 8.60240 8.61230 h_stis_ngsl_hd345957_v2.fits -1.40000 0.450000stis_ngsl_v2/h_stis_ngsl_hd345957_v2.fits
371 0.00000 0.00000 0.00000 0.00000 0.00000 0.00000 0.00000 0.00000 0.00000 0.00000  0.00000 1.09000stis_ngsl_v2/h_stis_ngsl_hr0753_v2.fits
372 6.82640 6.82640 5.48850 4.96170 4.67030 6.63060 5.48960 4.94760 4.70250 4.56570 h_stis_ngsl_hr8086_v2.fits -0.700000 0.510000stis_ngsl_v2/h_stis_ngsl_hr8086_v2.fits
373 13.5990 13.5990 11.9486 9.87080 8.73080 13.2933 11.9268 9.82040 8.84760 8.37170 h_stis_ngsl_lhs10_v2.fits 9.90000 0.0800000stis_ngsl_v2/h_stis_ngsl_lhs10_v2.fits
374 12.9195 12.9195 11.3552 10.5771 10.1172 12.6824 11.3728 10.5535 10.1593 9.98260 h_stis_ngsl_lhs482_v2.fits 9.90000 0.0750000stis_ngsl_v2/h_stis_ngsl_lhs482_v2.fits
375 11.3705 11.3705 11.2819 11.3470 11.4179 11.3415 11.2818 11.3494 11.4123 11.4312 h_stis_ngsl_mmj6476_v2.fits 9.90000 0.290000stis_ngsl_v2/h_stis_ngsl_mmj6476_v2.fits
376 10.8645 10.8645 11.0141 11.1897 11.3167 10.8635 11.0138 11.1947 11.3089 11.3395 h_stis_ngsl_mmj6490_v2.fits 9.90000 0.175000stis_ngsl_v2/h_stis_ngsl_mmj6490_v2.fits
377 10.9011 10.9011 10.3844 10.1528 9.96290 10.8258 10.3792 10.1475 9.98860 9.88220 h_stis_ngsl_vbnvul_v2.fits -0.500000 0.515000stis_ngsl_v2/h_stis_ngsl_vbnvul_v2.fits
378 0.00000 0.00000 0.00000 0.00000 0.00000 0.00000 0.00000 0.00000 0.00000 0.00000  0.00000 0.775000stis_ngsl_v2/h_stis_ngsl_vgkcom_v2.fits
379 0.00000 0.00000 0.00000 0.00000 0.00000 0.00000 0.00000 0.00000 0.00000 0.00000  0.00000 0.725000stis_ngsl_v2/h_stis_ngsl_viwcom_v2.fits
